function f = f1(x)

    a = 23.2342356;
    b = 101.829375;
    
    f = 0.01*(x(1)-a)^2+0.1*(x(2)-b)^2;
end